0.004 0.006 0.013 0.001 0.151 0.008 0.032 0.029 0.048 0.708
0.003 0.009 0.013 0.000 0.153 0.015 0.039 0.029 0.062 0.676
0.003 0.012 0.010 0.002 0.154 0.014 0.043 0.021 0.082 0.659
0.002 0.027 0.017 0.010 0.154 0.008 0.052 0.018 0.107 0.605
0.002 0.019 0.022 0.017 0.152 0.010 0.033 0.041 0.086 0.618
0.013 0.026 0.028 0.007 0.151 0.007 0.038 0.033 0.142 0.555
0.004 0.023 0.024 0.005 0.151 0.017 0.034 0.046 0.170 0.526
0.004 0.019 0.013 0.011 0.151 0.009 0.037 0.057 0.225 0.474
0.016 0.030 0.015 0.017 0.151 0.007 0.033 0.073 0.199 0.459
0.006 0.012 0.011 0.004 0.152 0.010 0.029 0.047 0.374 0.355
